26938
24321
28596
13221
10241
26247
19687
31124
27923
13606
25527
11212
25962
6390
30497
11393
25369
12555
24364
26600
18061
26130
25418
18765
1110
17809
20972
4115
25234
25787
22086
19465
25782
26856
24160
4812
18596
8919
22792
10287
22808
22037
10383
21884
18843
4683
13893
29070
9808
26449
5949
25982
29680
14565
32406
18929
28011
15144
17469
4718
5782
32757
26437
7609
27658
5361
27275
27881
19397
32636
17996
15190
19004
25746
25413
23285
19186
31667
16296
28712
30420
29495
19632
21413
4509
26029
26410
30689
25844
23805
1401
22355
17145
8289
18956
31765
19712
16629
10188
18954
4386
